800 ;   6.420e-68
793 ;   1.880e-67
787 ;   5.360e-67
781 ;   1.489e-66
774 ;   4.029e-66
768 ;   1.062e-65
762 ;   2.728e-65
756 ;   6.824e-65
751 ;   1.663e-64
745 ;   3.948e-64
739 ;   9.130e-64
734 ;   2.057e-63
728 ;   4.514e-63
723 ;   9.650e-63
717 ;   2.010e-62
712 ;   4.077e-62
707 ;   8.057e-62
702 ;   1.551e-61
697 ;   2.909e-61
692 ;   5.314e-61
687 ;   9.457e-61
682 ;   1.640e-60
677 ;   2.769e-60
673 ;   4.555e-60
668 ;   7.301e-60
663 ;   1.140e-59
659 ;   1.733e-59
654 ;   2.568e-59
650 ;   3.706e-59
646 ;   5.210e-59
641 ;   7.136e-59
637 ;   9.520e-59
633 ;   1.237e-58
629 ;   1.566e-58
625 ;   1.932e-58
621 ;   2.321e-58
617 ;   2.716e-58
613 ;   3.097e-58
609 ;   3.439e-58
605 ;   3.721e-58
602 ;   3.921e-58
598 ;   4.026e-58
594 ;   4.027e-58
591 ;   3.923e-58
587 ;   3.723e-58
584 ;   3.442e-58
580 ;   3.100e-58
577 ;   2.720e-58
573 ;   2.325e-58
570 ;   1.935e-58
567 ;   1.570e-58
563 ;   1.240e-58
560 ;   9.545e-59
557 ;   7.156e-59
554 ;   5.227e-59
551 ;   3.719e-59
547 ;   2.577e-59
544 ;   1.740e-59
541 ;   1.145e-59
538 ;   7.333e-60
535 ;   4.577e-60
532 ;   2.783e-60
529 ;   1.648e-60
527 ;   9.509e-61
524 ;   5.345e-61
521 ;   2.926e-61
518 ;   1.561e-61
515 ;   8.109e-62
513 ;   4.105e-62
510 ;   2.024e-62
507 ;   9.720e-63
505 ;   4.548e-63
502 ;   2.073e-63
500 ;   9.204e-64
497 ;   3.981e-64
494 ;   1.677e-64
492 ;   6.884e-65
489 ;   2.753e-65
487 ;   1.072e-65
485 ;   4.068e-66
482 ;   1.504e-66
480 ;   5.414e-67
477 ;   1.899e-67
475 ;   6.488e-68
473 ;   2.160e-68
470 ;   7.003e-69
468 ;   2.212e-69
466 ;   6.806e-70
464 ;   2.040e-70
462 ;   5.956e-71
459 ;   1.694e-71
457 ;   4.694e-72
455 ;   1.267e-72
453 ;   3.332e-73
451 ;   8.534e-74
449 ;   2.129e-74
447 ;   5.176e-75
445 ;   1.226e-75
443 ;   2.827e-76
441 ;   6.352e-77
439 ;   1.390e-77
437 ;   2.965e-78
435 ;   6.159e-79
433 ;   1.246e-79
431 ;   2.456e-80
429 ;   4.717e-81
427 ;   8.823e-82
425 ;   1.608e-82
423 ;   2.854e-83
421 ;   4.935e-84
420 ;   8.312e-85
418 ;   1.364e-85
416 ;   2.180e-86
414 ;   3.395e-87
413 ;   5.150e-88
411 ;   7.610e-89
409 ;   1.095e-89
407 ;   1.536e-90
406 ;   2.098e-91
404 ;   2.792e-92
402 ;   3.619e-93
401 ;   4.570e-94
399 ;   5.622e-95
397 ;   6.737e-96
396 ;   7.864e-97
394 ;   8.943e-98
392 ;   9.907e-99
391 ;   1.069e-99
389 ;   1.124e-100
388 ;   1.151e-101
386 ;   1.148e-102
385 ;   1.116e-103
383 ;   1.056e-104
382 ;   9.738e-106
380 ;   8.748e-107
379 ;   7.655e-108
377 ;   6.526e-109
376 ;   5.419e-110
374 ;   4.384e-111
373 ;   3.455e-112
371 ;   2.652e-113
370 ;   1.983e-114
369 ;   1.445e-115
367 ;   1.025e-116
366 ;   7.087e-118
364 ;   4.773e-119
363 ;   3.131e-120
362 ;   2.001e-121
360 ;   1.246e-122
359 ;   7.554e-124
358 ;   4.462e-125
356 ;   2.568e-126
355 ;   1.440e-127
354 ;   7.862e-129
353 ;   4.183e-130
351 ;   2.168e-131
350 ;   1.094e-132
349 ;   5.381e-134
348 ;   2.578e-135
346 ;   1.203e-136
345 ;   5.470e-138
344 ;   2.422e-139
343 ;   1.045e-140
341 ;   4.392e-142
340 ;   1.798e-143
339 ;   7.170e-145
338 ;   2.786e-146
337 ;   1.054e-147
336 ;   3.886e-149
334 ;   1.396e-150
333 ;   4.883e-152
332 ;   1.664e-153
331 ;   5.525e-155
330 ;   1.787e-156
329 ;   5.629e-158
328 ;   1.728e-159
326 ;   5.165e-161
325 ;   1.504e-162
324 ;   4.267e-164
323 ;   1.179e-165
322 ;   3.175e-167
321 ;   8.328e-169
320 ;   2.128e-170
319 ;   5.295e-172
318 ;   1.284e-173
317 ;   3.032e-175
316 ;   6.975e-177
315 ;   1.563e-178
314 ;   3.413e-180
313 ;   7.259e-182
312 ;   1.504e-183
311 ;   3.035e-185
310 ;   5.968e-187
309 ;   1.143e-188
308 ;   2.132e-190
307 ;   3.876e-192
306 ;   6.862e-194
305 ;   1.184e-195
304 ;   1.988e-197
303 ;   3.254e-199
302 ;   5.189e-201
301 ;   8.059e-203
300 ;   1.219e-204
299 ;   1.797e-206
298 ;   2.580e-208
297 ;   3.609e-210
297 ;   4.917e-212
296 ;   6.526e-214
295 ;   8.438e-216
294 ;   1.063e-217
293 ;   1.304e-219
292 ;   1.558e-221
291 ;   1.815e-223
290 ;   2.058e-225
290 ;   2.274e-227
289 ;   2.448e-229
288 ;   2.566e-231
287 ;   2.621e-233
286 ;   2.608e-235
285 ;   2.528e-237
284 ;   2.387e-239
284 ;   2.195e-241
283 ;   1.967e-243
282 ;   1.717e-245
281 ;   1.460e-247
280 ;   1.209e-249
280 ;   9.756e-252
279 ;   7.668e-254
278 ;   5.871e-256
277 ;   4.379e-258
276 ;   3.182e-260
276 ;   2.252e-262
275 ;   1.553e-264
274 ;   1.043e-266
273 ;   6.826e-269
272 ;   4.351e-271
272 ;   2.701e-273
271 ;   1.634e-275
270 ;   9.628e-278
269 ;   5.527e-280
269 ;   3.090e-282
268 ;   1.683e-284
267 ;   8.932e-287
266 ;   4.617e-289
266 ;   2.325e-291
265 ;   1.140e-293
264 ;   5.449e-296
264 ;   2.536e-298
263 ;   1.150e-300
262 ;   5.080e-303
261 ;   2.186e-305
261 ;   9.163e-308
260 ;   3.741e-310
259 ;   1.488e-312
259 ;   5.767e-315
258 ;   2.177e-317
257 ;   8.005e-320
257 ;   2.866e-322
256 ;   0.000e+00
255 ;   0.000e+00
255 ;   0.000e+00
254 ;   0.000e+00
253 ;   0.000e+00
253 ;   0.000e+00
252 ;   0.000e+00
251 ;   0.000e+00
251 ;   0.000e+00
250 ;   0.000e+00
249 ;   0.000e+00
249 ;   0.000e+00
248 ;   0.000e+00
247 ;   0.000e+00
247 ;   0.000e+00
246 ;   0.000e+00
246 ;   0.000e+00
245 ;   0.000e+00
244 ;   0.000e+00
244 ;   0.000e+00
243 ;   0.000e+00
243 ;   0.000e+00
242 ;   0.000e+00
241 ;   0.000e+00
241 ;   0.000e+00
240 ;   0.000e+00
240 ;   0.000e+00
239 ;   0.000e+00
238 ;   0.000e+00
238 ;   0.000e+00
237 ;   0.000e+00
237 ;   0.000e+00
236 ;   0.000e+00
235 ;   0.000e+00
235 ;   0.000e+00
234 ;   0.000e+00
234 ;   0.000e+00
233 ;   0.000e+00
233 ;   0.000e+00
232 ;   0.000e+00
232 ;   0.000e+00
231 ;   0.000e+00
